n = 100;
c = [|
0, 546.46, 567.918, 904.318, 645.684, 802.245, 473.467, 911.466, 798.36, 219.802, 357.428, 329.441, 308.192, 287.828, 82.8386, 772.211, 298.36, 108.987, 167.129, 955.414, 224.512, 898.875, 827.246, 645.753, 416.782, 823.228, 818.882, 591.998, 589.3, 137.224, 180.648, 440.949, 33.6896, 841.537, 466.224, 322.299, 394.1, 841.845, 1050.73, 41.7937, 156.867, 742.241, 863.196, 644.909, 780.754, 682.639, 309.774, 706.271, 528.021, 649.691, 240.93, 1014.72, 472.624, 485.633, 308.256, 619.185, 468.968, 185.899, 646.031, 599.164, 401.654, 504.868, 302.515, 467.608, 293.363, 662.326, 845.896, 324.527, 887.576, 630.782, 399.868, 318.782, 927.512, 519.426, 585.276, 645.376, 718.382, 822.713, 738.588, 204.825, 787.316, 526.449, 586.94, 434.541, 788.87, 378.053, 845.611, 895.594, 643.184, 539.536, 367.038, 497.943, 552.737, 707.714, 659.933, 815.677, 489.976, 139.971, 381.077, 812.84|
546.46, 0, 335.468, 742.069, 359.035, 619.051, 163.36, 451.582, 454.131, 675.887, 257.618, 736.835, 616.675, 330.233, 477.622, 327.321, 578.749, 655.435, 592.787, 862.955, 750.461, 820.545, 669.766, 671.931, 613.592, 394.923, 497.992, 633.625, 400.38, 460.672, 393.931, 648.949, 575.838, 340.775, 689.956, 618.359, 745.208, 348.686, 521.455, 529.338, 399.634, 622.21, 530.489, 294.399, 446.478, 290.774, 610.237, 297.087, 348.172, 142.772, 694.225, 471.725, 479.52, 617.147, 294.781, 383.717, 352.593, 651.703, 731.86, 508.501, 177.663, 724.075, 523.08, 722.432, 632.116, 187.232, 772.151, 775.615, 670.237, 653.223, 621.468, 372.528, 384.363, 492.308, 518.919, 700.489, 585.279, 549.307, 234.438, 486.618, 290.028, 649.392, 535.778, 305.277, 267.627, 194.323, 584.451, 777.641, 263.327, 363.225, 379.243, 423.909, 479.323, 173.058, 125.766, 643.548, 259.45, 534.885, 586.197, 644.03|
567.918, 335.468, 0, 419.261, 688.135, 296.151, 191.238, 381.592, 231.338, 580.67, 483.77, 589.954, 453.527, 282.271, 539.938, 260.006, 418.317, 661.056, 513.64, 530.52, 695.693, 486.108, 342.583, 353.183, 386.47, 285.519, 251.469, 325.668, 65.1102, 561.606, 508.364, 414.559, 601.495, 368.22, 450.868, 446.968, 561.103, 358.632, 586.696, 531.685, 420.943, 287.463, 295.597, 113.832, 213.252, 626.212, 445.368, 189.349, 48.0016, 466.897, 591.021, 599.96, 208.321, 353.461, 489.199, 58.9909, 633.916, 571.837, 423.859, 180.04, 419.703, 473.61, 361.252, 490.627, 480.092, 241.977, 436.951, 648.633, 363.297, 335.771, 405.116, 581.941, 528.23, 769.084, 811.417, 386.752, 250.689, 266.316, 545.064, 627.904, 326.415, 371.831, 214.371, 577.359, 556.73, 263.419, 295.553, 446.732, 598.268, 667.218, 613.272, 705.334, 769.177, 463.181, 327.969, 318.798, 99.0662, 635.512, 376.301, 318.407|
904.318, 742.069, 419.261, 0, 1100.58, 123.602, 610.221, 521.307, 338.905, 824.824, 900.161, 776.171, 665.931, 655.073, 902.884, 506.977, 648.26, 972.18, 789.751, 144.939, 953.192, 137.613, 79.5763, 310.677, 544.479, 465.879, 293.386, 350.137, 361.89, 939.117, 897.135, 545.424, 934.978, 609.134, 555.001, 652.232, 707.905, 591.276, 760.729, 863.03, 785.868, 162.095, 294.321, 452.032, 333.637, 1027.57, 659.029, 480.89, 429.979, 857.567, 824.769, 827.53, 431.73, 467.709, 900.714, 363.18, 1052.97, 832.428, 371.496, 307.012, 838.694, 545.271, 615.693, 589.401, 695.244, 594.083, 135.86, 843.028, 97.4505, 315.047, 569.531, 992.064, 789.321, 1187.15, 1230.56, 338.136, 188.154, 220.106, 919.824, 1015.18, 601.555, 443.597, 317.746, 996.223, 914.824, 677.725, 188.195, 70.7835, 1003.98, 1086.09, 1027.15, 1124.12, 1188.27, 834.016, 696.115, 100.492, 516.286, 1004.95, 565.28, 101.161|
645.684, 359.035, 688.135, 1100.58, 0, 977.291, 500.429, 762.065, 807.242, 844.665, 302.426, 936.92, 848.448, 579.231, 562.934, 662.027, 815.799, 737.893, 766.874, 1218.51, 869.669, 1174.03, 1027.31, 1002.16, 888.235, 729.04, 852.744, 957.478, 751.737, 512.051, 466.833, 923.945, 661.184, 633.156, 963.674, 855.562, 973.016, 647.413, 736.179, 652.506, 561.02, 975.404, 882.206, 653.057, 801.387, 115.855, 844.366, 647.56, 692.635, 272.388, 866.097, 645.157, 795.765, 914.094, 345.164, 739.862, 185.725, 812.717, 1051.41, 851.447, 307.42, 1002.49, 772.779, 987.803, 853.198, 530.265, 1124.07, 953.826, 1029.18, 983.082, 888.184, 332.388, 575.366, 247.462, 228.823, 1025.74, 938.743, 907.241, 275.312, 476.087, 596.142, 952.275, 872.998, 211.147, 327.975, 469.878, 942.577, 1134.04, 111.547, 119.377, 291.367, 201.267, 208.13, 332.669, 435.442, 1001.55, 600.724, 553.831, 853.933, 1001.87|
802.245, 619.051, 296.151, 123.602, 977.291, 0, 486.849, 437.371, 238.674, 743.745, 778.402, 708.552, 587.753, 541.798, 794.515, 400.167, 565.101, 877.014, 700.08, 251.199, 871.214, 220.947, 54.1405, 270.482, 473.23, 368.225, 199.389, 293.662, 240.501, 827.525, 782.603, 481.411, 833.937, 508.658, 499.038, 575.227, 648.349, 491.603, 680.133, 761.652, 675.931, 88.7647, 215.878, 331.049, 229.008, 905.586, 580.254, 365.966, 309.331, 736.671, 746.294, 736.404, 334.284, 401.33, 780.441, 239.652, 930.058, 747.452, 346.505, 204.611, 715.821, 497.928, 525.452, 537.209, 617.539, 475.769, 187.824, 775.113, 87.9706, 267.258, 498.352, 872.316, 690.251, 1064.82, 1107.57, 306.168, 90.8766, 128.007, 801.535, 901.533, 494.595, 386.729, 226.571, 873.445, 799.246, 556.309, 110.118, 164.477, 881.399, 962.601, 906.308, 1001.4, 1065.33, 715.864, 577.237, 25.4531, 393.812, 895.714, 487.651, 27.538|
473.467, 163.36, 191.238, 610.221, 500.429, 486.849, 0, 442.03, 370.848, 557.799, 300.399, 602.772, 474.53, 204.886, 422.33, 302.499, 436.059, 579.189, 477.662, 720.532, 650.366, 674.546, 533.816, 510.427, 456.693, 359.737, 406.34, 470.85, 252.687, 426.516, 364.083, 491.397, 506.269, 368.782, 532.176, 474.017, 600.49, 368.489, 582.716, 446.171, 316.633, 476.23, 446.246, 199.086, 357.636, 448.159, 467.41, 242.521, 192.249, 305.587, 573.785, 560.72, 316.206, 455.268, 314.186, 247.355, 444.212, 538.594, 568.805, 351.834, 230.811, 564.838, 377.717, 566.373, 493.659, 190.405, 624.01, 648.928, 549.981, 491.579, 466.729, 406.611, 476.306, 581.05, 621.304, 538.06, 439.9, 441.23, 394.925, 478.317, 314.863, 486.6, 376.1, 388.254, 421.363, 100.495, 473.991, 637.478, 416.858, 475.993, 432.213, 516.141, 579.222, 324.09, 216.741, 509.83, 100.45, 503.924, 431.924, 509.531|
911.466, 451.582, 381.592, 521.307, 762.065, 437.371, 442.03, 0, 205.288, 957.88, 703.032, 971.544, 835.113, 628.019, 864.169, 139.625, 799.719, 1014.1, 886.298, 666.242, 1067.31, 650.532, 486.809, 659.23, 762.336, 96.1718, 238.195, 654.719, 405.556, 867.46, 803.554, 787.196, 944.803, 131.303, 820.209, 828.509, 940.675, 115.308, 242.772, 880.894, 755.114, 503.822, 227.212, 275.866, 220.832, 657.495, 826.957, 206.327, 429.59, 489.832, 969.546, 307.551, 581.939, 717.687, 732.425, 359.957, 801.223, 946.17, 739.842, 500.993, 622.456, 836.854, 742.142, 860.943, 861.538, 269.969, 624.309, 1029.85, 424.018, 647.345, 782.723, 818.134, 282.791, 939.215, 958.247, 697.721, 477.584, 310.066, 508.096, 913.416, 167.064, 726, 542.428, 756.367, 478.1, 542.146, 335.977, 586.11, 650.764, 801.171, 829.597, 870.804, 921.269, 432.833, 336.225, 459.431, 428.478, 944.942, 755.793, 463.122|
798.36, 454.131, 231.338, 338.905, 807.242, 238.674, 370.848, 205.288, 0, 805.536, 668.348, 802.963, 668.243, 511.249, 766.412, 169.17, 635.847, 892.382, 742.122, 481.471, 923.889, 458.035, 291.034, 455.519, 580.819, 129.567, 47.9079, 454.506, 229.054, 783.077, 725.544, 601.916, 832.003, 271.226, 631.753, 659.56, 762.458, 253.763, 446.353, 762.667, 648.784, 299.172, 76.8905, 172.04, 19.3662, 719.805, 660.052, 159.883, 275.153, 545.478, 814.263, 497.924, 403.341, 527.891, 684.956, 187.669, 798.703, 799.078, 536.335, 304.906, 593.332, 644.419, 581.996, 672.624, 696.517, 278.084, 426.397, 865.061, 246.599, 444.428, 603.13, 777.131, 452.496, 938.592, 970.734, 494.079, 272.307, 118.813, 595.439, 843.436, 263.205, 531.334, 345.651, 746.013, 583.734, 465.553, 152.219, 397.012, 702.132, 816.563, 800.45, 871.191, 930.122, 510.339, 378.254, 262.509, 313.015, 858.792, 579.999, 265.651|
219.802, 675.887, 580.67, 824.824, 844.665, 743.745, 557.799, 957.88, 805.536, 0, 544.561, 112.191, 159.258, 353.571, 293.655, 825.399, 178.679, 197.421, 83.3544, 844.342, 128.374, 787.82, 755.063, 528.98, 283.504, 863.024, 813.649, 480.134, 577.583, 353.167, 381.175, 292.472, 224.068, 915.612, 302.218, 173.517, 187.728, 911.557, 1135.21, 197.766, 290.824, 667.768, 857.259, 682.043, 786.391, 865.551, 165.896, 754.058, 533.525, 800.729, 21.66, 1118.51, 415.975, 361.517, 499.606, 617.879, 676.711, 33.9391, 504.67, 543.163, 568.11, 333.916, 224.942, 288.672, 130.689, 743.895, 738.784, 109.201, 831.705, 518.585, 259.516, 529.532, 1033.94, 737.786, 803.393, 516.671, 653.363, 797.594, 894.284, 424.625, 863.984, 394.369, 517.179, 635.917, 938.066, 483.929, 812.491, 799.898, 825.792, 746.045, 579.323, 712.416, 769.605, 847.747, 769.884, 750.869, 533.14, 356.806, 259.577, 747.105|
357.428, 257.618, 483.77, 900.161, 302.426, 778.402, 300.399, 703.032, 668.348, 544.561, 0, 634.665, 547.876, 293.835, 275.76, 571.024, 516.451, 459.269, 465.414, 998.193, 581.087, 947.843, 821.677, 742.775, 597.297, 636.215, 705.804, 693.354, 538.285, 236.688, 177.693, 632.322, 378.659, 597.736, 670.835, 555.689, 671.179, 604.785, 775.3, 357.423, 258.607, 754.443, 744.628, 496.512, 656.245, 325.449, 544.165, 525.812, 470.431, 312.99, 565.797, 715.848, 532.221, 632.464, 50.0207, 542.297, 163.966, 513.367, 780.846, 614.853, 80.737, 710.586, 477.068, 692.069, 551.463, 433.273, 894.843, 653.442, 846.858, 723.938, 594.565, 115.347, 629.847, 288.137, 337.623, 760.759, 720.074, 741.405, 393.025, 238.31, 545.969, 672.9, 626.982, 108.167, 447.714, 222.567, 773.79, 919.309, 285.878, 220.31, 132.126, 229.126, 295.334, 380.711, 383.143, 799.908, 384.976, 300.026, 561.436, 799.018|
329.441, 736.835, 589.954, 776.171, 936.92, 708.552, 602.772, 971.544, 802.963, 112.191, 634.665, 0, 136.443, 406.776, 399.054, 845.511, 172.77, 307.283, 172.553, 778.404, 208.289, 722.997, 712.141, 469.199, 235.332, 875.464, 804.455, 426.054, 574.421, 459.294, 480.698, 230.753, 335.794, 944.002, 226.595, 143.617, 84.0135, 937.858, 1165.2, 303.281, 376.224, 626.432, 846.532, 698.811, 783.597, 948.917, 144.59, 773.56, 541.955, 869.048, 93.6995, 1158.52, 400.515, 309.216, 592.518, 618.021, 775.225, 144.924, 430.971, 518.02, 648.669, 249.82, 231.895, 201.977, 111.266, 780.249, 677.235, 66.8955, 795.479, 462.094, 210.255, 631.003, 1076.43, 843.764, 908.966, 450.227, 617.8, 778.511, 963.447, 533.692, 894.784, 333.428, 485.845, 731.323, 1003.38, 542.512, 788.788, 743.108, 909.417, 843.345, 681.251, 815.059, 874.001, 909.893, 819.155, 712.058, 560.263, 467.905, 225.427, 707.905|
308.192, 616.675, 453.527, 665.931, 848.448, 587.753, 474.53, 835.113, 668.243, 159.258, 547.876, 136.443, 0, 288.271, 355.848, 709.305, 38.4764, 332.588, 146.595, 686.301, 287.537, 629.635, 597.01, 370.503, 124.906, 739.044, 671.431, 321.039, 439.317, 414.351, 417.171, 138.834, 327.493, 808.741, 158.719, 15.1618, 129.045, 802.265, 1029.97, 270.524, 294.804, 509.887, 714.066, 562.491, 648.892, 847.772, 8.20293, 637.364, 405.527, 753.31, 159.075, 1025.75, 267.861, 202.712, 511.544, 482.448, 700.507, 171.363, 351.605, 390.501, 548.436, 196.747, 97.6477, 160.479, 29.8004, 647.324, 580.08, 196.818, 675.561, 359.642, 101.874, 566.162, 944.645, 787.022, 850.019, 360.085, 497.007, 649.044, 847.678, 496.388, 760.075, 237.265, 361.727, 651.337, 884.294, 423.698, 661.494, 640.683, 808.987, 765.069, 616.216, 749.182, 811.99, 789.089, 691.242, 593.797, 425.861, 445.137, 100.783, 589.92|
287.828, 330.233, 282.271, 655.073, 579.231, 541.798, 204.886, 628.019, 511.249, 353.571, 293.835, 406.776, 288.271, 0, 258.482, 489.979, 251.132, 386.729, 272.842, 732.617, 446.534, 678.927, 575.624, 454.946, 309.098, 537.63, 533.731, 403.63, 311.745, 286.053, 242.281, 344.9, 321.518, 569.528, 384.947, 291.389, 417.306, 567.417, 786.336, 254.161, 138.914, 497.284, 577.799, 357.782, 493.938, 565.215, 282.305, 421.796, 245.917, 465.148, 370.175, 765.369, 246.54, 338.829, 273.227, 336.278, 457.429, 333.734, 487.98, 350.81, 272.086, 423.398, 199.276, 411.099, 302.216, 393.642, 624.93, 448.033, 622.364, 436.532, 310.219, 354.772, 680.476, 571.262, 626.784, 469.941, 467.254, 543.645, 559.567, 360.156, 516.464, 379.08, 352.685, 401.989, 597.375, 136.065, 569.433, 660.628, 527.361, 512.877, 398.311, 518.979, 585.219, 503.253, 416.633, 559.068, 202.447, 356.637, 275.45, 557.034|
82.8386, 477.622, 539.938, 902.884, 562.934, 794.515, 422.33, 864.169, 766.412, 293.655, 275.76, 399.054, 355.848, 258.482, 0, 724.553, 338.232, 184.426, 228.614, 965.809, 307.31, 910.029, 824.27, 664.223, 450.809, 779.363, 791.047, 610.189, 569.703, 60.3861, 98.2598, 479.075, 103.267, 785.967, 508.98, 368.549, 456.377, 787.685, 990.058, 96.045, 119.781, 741.879, 834.867, 605.534, 749.69, 600.507, 355.745, 661.685, 504.393, 573.607, 315.242, 948.675, 475.354, 512.66, 226.231, 594.681, 387.213, 259.929, 674.255, 595.873, 324.27, 548.967, 328.106, 516.108, 346.521, 606.97, 856.279, 401.217, 877.34, 647.893, 437.421, 237.661, 861.284, 444.784, 510.149, 668.554, 714.972, 802.09, 660.899, 140.543, 731.588, 554.722, 589.293, 351.806, 712.38, 323.091, 827.542, 900.648, 561.149, 457.595, 286.725, 419.086, 475.971, 633.957, 595.364, 810.09, 453.756, 102.545, 413.449, 807.661|
772.211, 327.321, 260.006, 506.977, 662.027, 400.167, 302.499, 139.625, 169.17, 825.399, 571.024, 845.511, 709.305, 489.979, 724.553, 0, 672.829, 875.37, 751.85, 648.036, 931.938, 621.113, 453.957, 577.179, 646.423, 67.9273, 216.631, 563.16, 297.623, 728.359, 664.816, 674.026, 805.491, 115.643, 709.558, 703.819, 820.468, 102.243, 327.448, 742.077, 615.717, 446.566, 232.683, 147.213, 173.38, 566.387, 701.243, 71.9529, 306.917, 392.436, 837.976, 352.675, 467.406, 609.925, 597.781, 253.149, 679.91, 812.197, 655.524, 407.112, 491.096, 730.291, 614.226, 749.676, 734.61, 140.204, 585.256, 901.681, 415.719, 562.765, 665.1, 685.403, 294.101, 819.519, 843.888, 614.642, 414.242, 287.421, 432.333, 775.841, 94.696, 623.877, 447.939, 631.926, 416.593, 402.738, 321.34, 562.489, 553.112, 687.008, 699.933, 751.072, 805.189, 348.818, 226.586, 425.076, 292.911, 805.836, 635.936, 427.672|
298.36, 578.749, 418.317, 648.26, 815.799, 565.101, 436.059, 799.719, 635.847, 178.679, 516.451, 172.77, 38.4764, 251.132, 338.232, 672.829, 0, 335.343, 147.101, 676.291, 306.259, 619.443, 577.287, 360.664, 119.71, 703.758, 640.636, 309.126, 406.797, 395.15, 392.749, 142.66, 320.826, 771.395, 170.747, 40.4297, 166.507, 765.133, 992.616, 258.658, 267.282, 489.915, 683.675, 526.269, 616.531, 812.61, 31.5249, 600.876, 370.339, 715.854, 182.557, 987.618, 238.885, 193.816, 481.712, 449.211, 671.311, 184.177, 350.215, 364.77, 514.011, 210.815, 59.4974, 180.917, 61.8469, 609.189, 568.652, 230.403, 653.067, 348.249, 101.516, 540.042, 906.366, 761.875, 824.126, 354.167, 474.801, 620.967, 810.168, 478.217, 722.457, 232.123, 338.53, 621.078, 846.376, 386.139, 634.812, 626.639, 774.004, 734.845, 589.752, 721.932, 785.468, 751.024, 652.767, 572.483, 388.072, 431.704, 87.0764, 568.767|
108.987, 655.435, 661.056, 972.18, 737.893, 877.014, 579.189, 1014.1, 892.382, 197.421, 459.269, 307.283, 332.588, 386.729, 184.426, 875.37, 335.343, 0, 188.273, 1010.36, 141.303, 953.489, 897.306, 695.473, 454.038, 924.327, 909.941, 643.17, 676.29, 226.592, 281.658, 471.394, 81.2657, 947.854, 488.741, 347.731, 385.149, 947.641, 1158.47, 133.343, 263.176, 810.669, 954.367, 744.335, 874.278, 782.616, 336.699, 808.154, 618.718, 757.134, 213.773, 1123.53, 543.031, 529.155, 409.408, 709.411, 556.196, 169.632, 683.689, 672.419, 508.248, 523.83, 357.268, 480.916, 309.866, 768.873, 901.917, 280.615, 963.911, 682.378, 433.123, 406.063, 1036.36, 587.523, 653.366, 689.442, 790.032, 908.313, 845.108, 271.805, 893.765, 567.062, 655.075, 527.691, 896.144, 485.395, 928.996, 956.885, 743.54, 626.938, 451.022, 575.909, 624.905, 816.05, 768.664, 888.333, 588.884, 193.35, 422.377, 885.139|
167.129, 592.787, 513.64, 789.751, 766.874, 700.08, 477.662, 886.298, 742.122, 83.3544, 465.414, 172.553, 146.595, 272.842, 228.614, 751.85, 147.101, 188.273, 0, 822.888, 182.054, 766.022, 716.607, 507.558, 265.89, 792.348, 753.609, 455.605, 516.923, 288.995, 308.151, 284.56, 182.613, 838.854, 305.03, 161.526, 228.451, 835.489, 1057.48, 134.535, 209.119, 629.393, 797.716, 610.665, 723.233, 784.336, 149.845, 681.105, 467.58, 717.395, 102.919, 1038.21, 366.556, 340.916, 421.815, 554.905, 602.917, 61.0245, 495.939, 496.198, 485.927, 342.18, 174.769, 302.579, 127.796, 665.287, 714.841, 189.187, 787.789, 494.793, 245.441, 458.477, 953.191, 672.389, 737.323, 501.17, 611.206, 743.234, 810.991, 366.473, 786.624, 378.842, 474.94, 559.813, 854.713, 401.374, 760.751, 771.344, 744.62, 671.336, 508.749, 642.6, 701.908, 764.492, 688.195, 709.582, 458.942, 306.885, 234.167, 706.132|
955.414, 862.955, 530.52, 144.939, 1218.51, 251.199, 720.532, 666.242, 481.471, 844.342, 998.193, 778.404, 686.301, 732.617, 965.809, 648.036, 676.291, 1010.36, 822.888, 0, 971.239, 56.8699, 197.317, 315.94, 561.395, 609.552, 436.941, 367.283, 467.845, 1008.23, 973.426, 552.963, 983.749, 752.478, 551.81, 671.531, 701.905, 734.781, 905.352, 913.621, 853.845, 244.832, 439.244, 580.617, 474.853, 1152.03, 680.495, 617.032, 531.368, 985.285, 840.564, 972.392, 491.541, 483.78, 992.977, 479.278, 1156.26, 857.457, 348.697, 384.61, 943.022, 532.074, 655.251, 579.517, 713.867, 726.636, 109.638, 843.79, 242.284, 328.098, 584.921, 1081.77, 933.185, 1286.32, 1333.68, 328.807, 280.721, 363.129, 1052.17, 1088.07, 742.731, 450.066, 380.169, 1098.94, 1050.44, 776.61, 332.424, 86.7792, 1126.24, 1194.76, 1120.51, 1225.85, 1291.21, 966.604, 827.768, 225.746, 622.175, 1068.29, 589.472, 224.044|
224.512, 750.461, 695.693, 953.192, 869.669, 871.214, 650.366, 1067.31, 923.889, 128.374, 581.087, 208.289, 287.537, 446.534, 307.31, 931.938, 306.259, 141.303, 182.054, 971.239, 0, 914.865, 883.253, 656.422, 411.325, 973.758, 934.521, 608.112, 697.836, 358.326, 405.079, 418.431, 209.364, 1015.87, 424.548, 301.64, 292.271, 1013.32, 1232.77, 226.2, 351.168, 795.925, 978.486, 791.984, 904.946, 906.526, 294.252, 861.638, 649.569, 864.365, 130.722, 1208.13, 541.37, 489.339, 532.315, 736.487, 690.928, 125.576, 628.938, 669.622, 620.136, 453.096, 348.806, 406.121, 258.669, 840.052, 866.298, 160.615, 959.184, 646.405, 387.044, 540.331, 1122.02, 728.224, 794.145, 642.903, 781.028, 921.666, 955.482, 411.514, 962.964, 521.196, 644.669, 658.56, 1003.51, 566.174, 937.7, 927.983, 866.965, 761.701, 587.039, 714.498, 765.009, 918.075, 854.667, 878.739, 639.194, 333.918, 387.95, 875.016|
898.875, 820.545, 486.108, 137.613, 1174.03, 220.947, 674.546, 650.532, 458.035, 787.82, 947.843, 722.997, 629.635, 678.927, 910.029, 621.113, 619.443, 953.489, 766.022, 56.8699, 914.865, 0, 167.307, 259.191, 504.733, 587.419, 415.873, 310.416, 422.309, 953.003, 919.098, 496.747, 927.101, 728.955, 496.44, 614.891, 647.206, 711.69, 892.033, 857.081, 798.679, 198.655, 423.717, 543.627, 449.453, 1110.63, 623.789, 585.095, 483.798, 945.985, 784.225, 953.977, 436.464, 427.05, 941.339, 437.253, 1106.99, 800.736, 294.502, 333.13, 894.443, 477.74, 598.483, 524.948, 657.289, 691.295, 54.0551, 788.613, 231.74, 271.234, 528.347, 1029.48, 910.439, 1235.83, 1284.15, 272.948, 235.438, 342.028, 1015.64, 1033.18, 715.529, 393.67, 326.243, 1049.61, 1016.43, 727.036, 314.559, 66.9882, 1083.81, 1147.01, 1068.91, 1176.08, 1241.68, 930.446, 791.385, 196.128, 575.28, 1012.46, 532.645, 193.444|
827.246, 669.766, 342.583, 79.5763, 1027.31, 54.1405, 533.816, 486.809, 291.034, 755.063, 821.677, 712.141, 597.01, 575.624, 824.27, 453.957, 577.287, 897.306, 716.607, 197.317, 883.253, 167.307, 0, 256.571, 478.036, 420.554, 249.97, 288.675, 283.696, 859.943, 817.627, 482.214, 858.222, 561.721, 495.643, 583.758, 647.459, 544.518, 729.301, 786.125, 706.91, 87.3829, 262.109, 383.879, 282.16, 957.342, 589.842, 420.061, 351.275, 789.208, 756.084, 788.017, 355.167, 402.949, 821.599, 287.855, 975.454, 761.123, 326.715, 228.652, 761.208, 490.139, 542.004, 532.074, 626.599, 529.363, 137.687, 779.012, 94.1012, 257.17, 503.235, 912.797, 743.251, 1109, 1153.11, 288.947, 109.313, 176.8, 855, 935.761, 548.465, 383.025, 242.246, 918.561, 853.18, 599.142, 153.055, 110.54, 932.582, 1009.8, 948.2, 1046.37, 1110.77, 769.387, 630.63, 28.8906, 438.6, 926.197, 496.242, 26.744|
645.753, 671.931, 353.183, 310.677, 1002.16, 270.482, 510.427, 659.23, 455.519, 528.98, 742.775, 469.199, 370.503, 454.946, 664.223, 577.179, 360.664, 695.473, 507.558, 315.94, 656.422, 259.191, 256.571, 0, 245.631, 571.857, 433.445, 54.0501, 293.048, 711.611, 685.312, 239.66, 672.668, 692.783, 245.031, 355.81, 398.029, 679.075, 895.153, 604.08, 559.311, 181.748, 464.684, 451.941, 438.792, 958.357, 364.61, 517.873, 326.742, 811.005, 525.977, 929.845, 210.555, 167.861, 727.344, 330.84, 906.376, 541.547, 80.8635, 174.803, 702.798, 234.853, 343.394, 278.737, 398.341, 593.84, 209.878, 535.712, 348.535, 19.0792, 269.473, 809.518, 866.947, 1025.6, 1079.54, 38.5656, 191.944, 378.657, 894.153, 793.987, 661.34, 136.135, 138.957, 849.49, 909.006, 534.152, 373.737, 273.915, 926.123, 955.476, 853.203, 971.176, 1037.53, 814.275, 680.835, 264.936, 412.505, 765.697, 273.695, 260.23|
416.782, 613.592, 386.47, 544.479, 888.235, 473.23, 456.693, 762.336, 580.819, 283.504, 597.297, 235.332, 124.906, 309.098, 450.809, 646.423, 119.71, 454.038, 265.89, 561.395, 411.325, 504.733, 478.036, 245.631, 0, 666.55, 577.409, 196.82, 357.199, 505.302, 494.666, 35.9747, 440.163, 753.632, 76.8252, 110.179, 182.111, 744.74, 973.054, 376.377, 365.595, 391.737, 618.133, 500.051, 561.561, 871.405, 119.216, 575.74, 340.282, 755.49, 281.368, 981.142, 180.401, 78.0229, 568.672, 402.596, 758.029, 296.16, 230.506, 285.553, 581.184, 114.306, 125.782, 109.845, 152.815, 607.245, 455.322, 301.9, 560.256, 235.101, 25.2084, 636.449, 904.614, 858.893, 919.043, 235.834, 382.468, 546.325, 848.03, 588.986, 709.124, 113.106, 251.43, 704.775, 877.707, 431.855, 554.915, 516.738, 834.318, 817.607, 684.84, 813.943, 879.006, 780.558, 667.417, 477.052, 385.598, 547.421, 37.7857, 472.953|
823.228, 394.923, 285.519, 465.879, 729.04, 368.225, 359.737, 96.1718, 129.567, 863.024, 636.215, 875.464, 739.044, 537.63, 779.363, 67.9273, 703.758, 924.327, 792.348, 609.552, 973.758, 587.419, 420.554, 571.857, 666.55, 0, 172.615, 564.154, 310.213, 786.193, 723.707, 691.776, 856.745, 143.443, 725.221, 732.377, 844.59, 125.432, 323.361, 791.451, 667.705, 425.614, 178.554, 181.794, 140.487, 631.96, 730.883, 117.696, 333.521, 458.576, 874.391, 368.768, 486.154, 623.119, 661.492, 264.563, 747.503, 851.933, 651.934, 409.116, 556.702, 742.682, 646.337, 765.883, 765.56, 207.695, 555.889, 933.973, 371.169, 559.036, 686.779, 750.09, 323.645, 887.206, 911.81, 610.12, 396.448, 246.476, 494.197, 836.553, 146.168, 632.686, 450.582, 699.144, 474.553, 460.2, 277.746, 525.814, 619.68, 754.936, 765.852, 818.778, 873.078, 412.092, 293.761, 392.065, 336.307, 863.552, 659.688, 395.219|
818.882, 497.992, 251.469, 293.386, 852.744, 199.389, 406.34, 238.195, 47.9079, 813.649, 705.804, 804.455, 671.431, 533.731, 791.047, 216.631, 640.636, 909.941, 753.609, 436.941, 934.521, 415.873, 249.97, 433.445, 577.409, 172.615, 0, 437.744, 236.709, 810.649, 754.887, 596.079, 852.385, 315.752, 623.651, 661.878, 759.52, 297.932, 480.948, 782.045, 672.31, 267.738, 44.4259, 209.992, 51.5159, 766.553, 663.294, 206.325, 291.34, 592.382, 821.209, 538.187, 404, 519.733, 720.281, 200.545, 839.703, 809.144, 514.192, 294.922, 632.196, 633.427, 588.914, 664.34, 700.293, 324.666, 386.887, 867.878, 199.716, 423.922, 600.596, 812.889, 496.244, 979.293, 1012.85, 471.903, 244.667, 74.001, 643.229, 873.623, 310.24, 519.395, 334.104, 786.31, 631.629, 498.141, 105.555, 353.474, 748.319, 859.465, 837.902, 912.246, 971.953, 558.057, 425.378, 222.034, 340.523, 885.5, 579.709, 225.544|
591.998, 633.625, 325.668, 350.137, 957.478, 293.662, 470.85, 654.719, 454.506, 480.134, 693.354, 426.054, 321.039, 403.63, 610.189, 563.16, 309.126, 643.17, 455.605, 367.283, 608.112, 310.416, 288.675, 54.0501, 196.82, 564.154, 437.744, 0, 270.103, 657.737, 632.065, 195.301, 619.119, 678.114, 206.997, 306.622, 358.94, 665.402, 886.05, 550.298, 505.678, 206.36, 472.511, 430.701, 436.721, 917.385, 314.8, 500.222, 293.954, 774.241, 478.166, 914.732, 162.286, 118.896, 676.574, 311.603, 857.196, 491.355, 99.082, 156.097, 655.85, 204.335, 289.81, 244.046, 349.488, 567.644, 259.586, 492.9, 376.867, 39.2086, 221.379, 757.728, 848.436, 974.787, 1029.43, 68.267, 207.222, 389.913, 859.472, 740.213, 643.347, 94.3509, 115.306, 800.539, 877.023, 488.136, 389.845, 319.921, 884.295, 907.619, 801.913, 921.21, 987.562, 781.276, 650.427, 292.414, 375.23, 711.647, 222.562, 287.931|
589.3, 400.38, 65.1102, 361.89, 751.737, 240.501, 252.687, 405.556, 229.054, 577.583, 538.285, 574.421, 439.317, 311.745, 569.703, 297.623, 406.797, 676.29, 516.923, 467.845, 697.836, 422.309, 283.696, 293.048, 357.199, 310.213, 236.709, 270.103, 0, 596.866, 547.755, 381.643, 622.413, 410.858, 415.085, 430.874, 537.1, 399.289, 624.454, 550.99, 449.923, 223.736, 280.795, 160.601, 209.735, 691.151, 431.12, 231.455, 69.192, 531.919, 585.755, 646.334, 177.103, 313.561, 539.991, 45.6528, 691.894, 572.506, 366.593, 118.337, 477.718, 433.653, 353.348, 455.702, 467.493, 300.939, 372.572, 636.118, 314.37, 276.338, 378.229, 632.011, 578.509, 825.345, 869.57, 328.001, 187.254, 233.465, 609.422, 667.361, 373.816, 326.253, 155.776, 634.931, 619.804, 315.939, 257.845, 385.092, 662.938, 727.649, 665.816, 762.693, 827.2, 527.011, 390.718, 261.635, 155.18, 668.371, 353.034, 260.738|
137.224, 460.672, 561.606, 939.117, 512.051, 827.525, 426.516, 867.46, 783.077, 353.167, 236.688, 459.294, 414.351, 286.053, 60.3861, 728.359, 395.15, 226.592, 288.995, 1008.23, 358.326, 953.003, 859.943, 711.611, 505.302, 786.193, 810.649, 657.737, 596.866, 0, 66.7728, 534.655, 149.214, 781.742, 565.726, 426.712, 516.635, 784.869, 979.537, 156.067, 154.42, 779.446, 853.854, 617.593, 767.141, 556.873, 413.916, 668.752, 529.615, 544.589, 374.688, 932.123, 516.697, 564.367, 186.758, 618.219, 332.708, 319.33, 725.637, 632.786, 295.847, 605.938, 381.02, 574.23, 405.981, 604.319, 899.042, 460.072, 908.417, 694.758, 493.056, 182.165, 844.846, 384.754, 450.259, 717.94, 750.969, 826.752, 628.43, 83.7231, 727.544, 606.649, 629.337, 301.353, 681.877, 326.022, 853.798, 940.485, 518.063, 403.445, 229.903, 360.855, 416.601, 608.392, 582.599, 844.303, 470.442, 77.482, 467.679, 842.127|
180.648, 393.931, 508.364, 897.135, 466.833, 782.603, 364.083, 803.554, 725.544, 381.175, 177.693, 480.698, 417.171, 242.281, 98.2598, 664.816, 392.749, 281.658, 308.151, 973.426, 405.079, 919.098, 817.627, 685.312, 494.666, 723.707, 754.887, 632.065, 547.755, 66.7728, 0, 526.442, 200.967, 715.923, 560.536, 427.99, 529.58, 719.343, 912.849, 185.917, 129.387, 739.546, 797.581, 557.988, 710.13, 502.247, 415.429, 606.603, 479.384, 480.365, 402.811, 865.452, 483.354, 546.976, 128.014, 566.034, 295.555, 348.294, 706.343, 592.999, 230.936, 601.102, 368.885, 573.665, 413.508, 539.03, 865.044, 490.171, 861.379, 667.733, 485.47, 150.778, 778.157, 369.873, 433.248, 694.975, 709.466, 774.55, 565.778, 119.693, 661.802, 589.304, 593.272, 256.177, 618.365, 263.87, 802.766, 902.616, 462.893, 364.942, 201.172, 335.118, 396.068, 543.101, 515.862, 800.524, 414.425, 142.79, 456.918, 798.615|
440.949, 648.949, 414.559, 545.424, 923.945, 481.411, 491.397, 787.196, 601.916, 292.472, 632.322, 230.753, 138.834, 344.9, 479.075, 674.026, 142.66, 471.394, 284.56, 552.963, 418.431, 496.747, 482.214, 239.66, 35.9747, 691.776, 596.079, 195.301, 381.643, 534.655, 526.442, 0, 462.779, 782.538, 41.0379, 123.678, 167.204, 773.187, 1001.18, 401.315, 397.797, 397.327, 635.841, 528.374, 582.783, 907.379, 134.815, 603.88, 369.21, 790.984, 287.71, 1011.54, 206.644, 80.0985, 603.057, 427.261, 792.614, 308.699, 213.095, 301.849, 616.98, 78.5505, 158.258, 76.8327, 163.548, 639.072, 449.095, 297.605, 567.366, 231.627, 41.6534, 669.55, 935.84, 892.056, 952.605, 224.474, 391.321, 561.3, 883.374, 618.186, 738.918, 103.537, 265.173, 739.634, 912.609, 467.776, 567.819, 513.33, 870.291, 852.62, 718.218, 847.895, 912.768, 815.407, 701.094, 483.372, 418.34, 574.021, 71.0155, 479.1|
33.6896, 575.838, 601.495, 934.978, 661.184, 833.937, 506.269, 944.803, 832.003, 224.068, 378.659, 335.794, 327.493, 321.518, 103.267, 805.491, 320.826, 81.2657, 182.613, 983.749, 209.364, 927.101, 858.222, 672.668, 440.163, 856.745, 852.385, 619.119, 622.413, 149.214, 200.967, 462.779, 0, 874.015, 486.171, 342.018, 404.982, 874.508, 1082.42, 72.2918, 189.88, 772.883, 896.712, 678.551, 814.377, 702.766, 329.759, 739.727, 561.432, 675.972, 244.29, 1045.16, 503.261, 510.781, 328.927, 652.591, 481.597, 190.872, 670.26, 630.465, 426.997, 524.071, 329.31, 485.153, 310.359, 694.755, 874.354, 324.097, 919.536, 658.067, 422.175, 331.002, 957.88, 523.378, 589.396, 671.059, 749.536, 855.773, 763.843, 206.099, 819.751, 551.059, 617.366, 450.305, 814.941, 410.24, 878.446, 925.093, 663.546, 552.38, 377.735, 506.15, 558.503, 735.253, 690.617, 847.057, 523.649, 133.438, 405.238, 844.163|
841.537, 340.775, 368.22, 609.134, 633.156, 508.658, 368.782, 131.303, 271.226, 915.612, 597.736, 944.002, 808.741, 569.528, 785.967, 115.643, 771.395, 947.854, 838.854, 752.478, 1015.87, 728.955, 561.721, 692.783, 753.632, 143.443, 315.752, 678.114, 410.858, 781.742, 715.923, 782.538, 874.015, 0, 819.085, 804.359, 924.101, 18.5167, 221.229, 814.934, 684.943, 559.964, 320.941, 254.464, 279.651, 527.072, 800.823, 179.839, 413.426, 361.715, 929.585, 237.063, 576.538, 721.019, 631.864, 367.155, 682.628, 899.779, 770.985, 522.193, 517.176, 841.361, 712.113, 858.777, 832.74, 179.286, 695.524, 997.573, 514.611, 678.287, 771.202, 712.958, 181.605, 818.658, 834.261, 730.192, 528.428, 389.366, 376.793, 819.481, 54.3794, 736.677, 562.821, 640.893, 347.675, 463.988, 421.092, 668.236, 521.653, 677.725, 719.57, 750.587, 798.398, 302.309, 217.874, 533.011, 384.314, 858.681, 740.751, 535.944|
466.224, 689.956, 450.868, 555.001, 963.674, 499.038, 532.176, 820.209, 631.753, 302.218, 670.835, 226.595, 158.719, 384.947, 508.98, 709.558, 170.747, 488.741, 305.03, 551.81, 424.548, 496.44, 495.643, 245.031, 76.8252, 725.221, 623.651, 206.997, 415.085, 565.726, 560.536, 41.0379, 486.171, 819.085, 0, 144.162, 153.009, 809.355, 1036.95, 427.672, 432.681, 412.858, 662.394, 564.672, 612.78, 948.067, 156.527, 639.935, 406.272, 832.014, 294.621, 1049.22, 242.548, 103.981, 640.598, 460.731, 830.375, 322.135, 205.048, 328.729, 656.945, 40.5734, 194.726, 40.8835, 178.921, 678.003, 451.18, 292.243, 583.462, 240.031, 76.3956, 705.231, 974.211, 927.698, 988.788, 223.873, 410.247, 585.405, 924.374, 648.91, 776.223, 112.706, 290.187, 777.843, 953.451, 508.67, 589.849, 518.219, 910.89, 891.051, 754.247, 884.683, 949.255, 856.227, 741.277, 499.055, 458.031, 601.685, 109.764, 494.627|
322.299, 618.359, 446.968, 652.232, 855.562, 575.227, 474.017, 828.509, 659.56, 173.517, 555.689, 143.617, 15.1618, 291.389, 368.549, 703.819, 40.4297, 347.731, 161.526, 671.531, 301.64, 614.891, 583.758, 355.81, 110.179, 732.377, 661.878, 306.622, 430.874, 426.712, 427.99, 123.678, 342.018, 804.359, 144.162, 0, 126.95, 797.572, 1025.55, 284.272, 304.359, 496.735, 704.294, 556.799, 640.198, 853.002, 12.8043, 631.924, 399.002, 755.872, 172.542, 1022.88, 257.946, 188.108, 520.187, 474.406, 709.5, 186.323, 336.449, 379.079, 554.268, 182.577, 96.3027, 147.566, 43.0316, 644.568, 565.476, 206.004, 662.954, 345.127, 86.8724, 576.432, 942.284, 797.703, 860.433, 345.084, 484.415, 638.283, 850.142, 509.046, 756.154, 222.285, 349.547, 659.798, 885.964, 426.135, 650.197, 626.393, 814.373, 773.564, 626.367, 759.045, 822.156, 790.411, 690.556, 580.92, 422.43, 458.756, 87.6576, 577.005|
394.1, 745.208, 561.103, 707.905, 973.016, 648.349, 600.49, 940.675, 762.458, 187.728, 671.179, 84.0135, 129.045, 417.306, 456.377, 820.468, 166.507, 385.149, 228.451, 701.905, 292.271, 647.206, 647.459, 398.029, 182.111, 844.59, 759.52, 358.94, 537.1, 516.635, 529.58, 167.204, 404.982, 924.101, 153.009, 126.95, 0, 916.453, 1144.91, 362.986, 414.212, 563.53, 800.181, 673.292, 743.161, 975.614, 135.097, 748.939, 513.67, 882.279, 172.5, 1145.95, 360.067, 247.245, 632.508, 582.096, 819.611, 217.249, 353.301, 467.057, 675.696, 170.174, 223.03, 122.437, 119.84, 768.19, 603.171, 143.695, 733.909, 392.866, 159.328, 680.24, 1066.33, 897.889, 962.181, 375.821, 558.441, 727.459, 976.622, 594.908, 877.161, 264.691, 431.585, 772.447, 1012.83, 552.603, 734.747, 670.93, 936.656, 885.806, 730.622, 864.462, 925.582, 917.345, 816.81, 649.711, 545.274, 534.035, 184.94, 645.374|
841.845, 348.686, 358.632, 591.276, 647.413, 491.603, 368.489, 115.308, 253.763, 911.557, 604.785, 937.858, 802.265, 567.417, 787.685, 102.243, 765.133, 947.641, 835.489, 734.781, 1013.32, 711.69, 544.518, 679.075, 744.74, 125.432, 297.932, 665.402, 399.289, 784.869, 719.343, 773.187, 874.508, 18.5167, 809.355, 797.572, 916.453, 0, 228.515, 814.528, 685.072, 544.056, 302.585, 244.815, 262.625, 542.242, 794.303, 169.429, 404.47, 375.491, 925.202, 251.131, 566.858, 710.606, 637.874, 355.125, 693.196, 896.328, 757.624, 509.353, 524.099, 830.988, 705.988, 849.225, 826.636, 180.816, 678.695, 992.148, 496.562, 664.811, 762.696, 720.108, 198.751, 829.87, 846.573, 716.645, 512.877, 371.652, 393.182, 824.283, 58.8174, 725.442, 550.177, 650.555, 365.091, 465.038, 403.17, 650.713, 535.996, 689.802, 727.885, 761.669, 810.328, 317.543, 227.565, 515.851, 379.159, 861.993, 732.649, 518.835|
1050.73, 521.455, 586.696, 760.729, 736.179, 680.133, 582.716, 242.772, 446.353, 1135.21, 775.3, 1165.2, 1029.97, 786.336, 990.058, 327.448, 992.616, 1158.47, 1057.48, 905.352, 1232.77, 892.033, 729.301, 895.153, 973.054, 323.361, 480.948, 886.05, 624.454, 979.537, 912.849, 1001.18, 1082.42, 221.229, 1036.95, 1025.55, 1144.91, 228.515, 0, 1026.56, 895.408, 745.52, 468.335, 473.004, 460.562, 620.849, 1022.05, 397.349, 632.851, 489.407, 1149.58, 108.175, 794.649, 937.316, 815.511, 579.453, 829.166, 1118.49, 975.09, 730.247, 697.488, 1057.66, 933.319, 1077, 1053.94, 392.717, 866.898, 1218.48, 663.286, 882.139, 991.158, 887.645, 160.817, 955.248, 957.69, 933.363, 718.097, 552.685, 460.871, 1008.01, 271.315, 950.493, 771.567, 797.061, 410.083, 673.106, 577.682, 826.959, 629.111, 808.186, 885.336, 890.118, 927.285, 417.315, 397.165, 702.08, 605.284, 1055, 961.164, 705.809|
41.7937, 529.338, 531.685, 863.03, 652.506, 761.652, 446.171, 880.894, 762.667, 197.766, 357.423, 303.281, 270.524, 254.161, 96.045, 742.077, 258.658, 133.343, 134.535, 913.621, 226.2, 857.081, 786.125, 604.08, 376.377, 791.451, 782.045, 550.298, 550.99, 156.067, 185.917, 401.315, 72.2918, 814.934, 427.672, 284.272, 362.986, 814.528, 1026.56, 0, 131.518, 700.939, 826.422, 611.943, 744.842, 682.52, 271.614, 675.058, 490.811, 638.933, 219.388, 994.105, 431.302, 444.45, 309.792, 581.912, 480.462, 164.162, 605.119, 558.248, 393.936, 466.733, 260.95, 430.687, 257.552, 636.127, 804.105, 305.823, 847.248, 589.056, 360.032, 332.177, 907.175, 540.768, 606.178, 603.979, 677.369, 784.214, 729.561, 231.964, 760.924, 485.439, 545.533, 442.075, 778.181, 353.585, 806.585, 853.92, 642.822, 550.357, 381.762, 514.675, 571.977, 694.245, 639.17, 774.825, 456.584, 174.695, 340.355, 771.946|
156.867, 399.634, 420.943, 785.868, 561.02, 675.931, 316.633, 755.114, 648.784, 290.824, 258.607, 376.224, 294.804, 138.914, 119.781, 615.717, 267.282, 263.176, 209.119, 853.845, 351.168, 798.679, 706.91, 559.311, 365.595, 667.705, 672.31, 505.678, 449.923, 154.42, 129.387, 397.797, 189.88, 684.943, 432.681, 304.359, 414.212, 685.072, 895.408, 131.518, 0, 625.642, 716.278, 490.899, 631.764, 575.218, 292.143, 550.423, 384.734, 514.846, 311.409, 862.67, 362.303, 417.812, 218.321, 475.191, 406.029, 261.879, 577.662, 479.123, 277.338, 473.246, 239.848, 447.712, 295.154, 505.831, 744.7, 398.284, 758.183, 542.119, 357.109, 272.962, 775.796, 495.208, 556.987, 567.432, 597.741, 682.371, 607.203, 235.074, 630.781, 460.165, 474.961, 358.238, 653.597, 222.305, 707.762, 786.194, 535.507, 471.628, 322.511, 454.738, 518.192, 567.017, 507.778, 692.003, 337.199, 219.799, 327.896, 689.688|
742.241, 622.21, 287.463, 162.095, 975.404, 88.7647, 476.23, 503.822, 299.172, 667.768, 754.443, 626.432, 509.887, 497.284, 741.879, 446.566, 489.915, 810.669, 629.393, 244.832, 795.925, 198.655, 87.3829, 181.748, 391.737, 425.614, 267.738, 206.36, 223.736, 779.446, 739.546, 397.327, 772.883, 559.964, 412.858, 496.735, 563.53, 544.056, 745.52, 700.939, 625.642, 0, 292.523, 351.108, 285.573, 912.577, 502.673, 400.668, 286.536, 749.348, 668.949, 793.559, 269.637, 317.585, 750.954, 239.746, 911.689, 673.741, 258.48, 146.724, 698.263, 410.192, 454.881, 450.381, 539.518, 499.898, 150.276, 693.239, 170.605, 178.65, 416.945, 840.887, 740.535, 1042.55, 1089.2, 217.729, 36.9686, 204.014, 821.507, 856.674, 538.57, 300.209, 155.758, 854.412, 825.384, 532.379, 194.115, 165.132, 885.389, 949.94, 878.279, 981.543, 1046.75, 736.937, 598.067, 86.2176, 377.45, 844.142, 409.153, 81.8457|
863.196, 530.489, 295.597, 294.321, 882.206, 215.878, 446.246, 227.212, 76.8905, 857.259, 744.628, 846.532, 714.066, 577.799, 834.867, 232.683, 683.675, 954.367, 797.716, 439.244, 978.486, 423.717, 262.109, 464.684, 618.133, 178.554, 44.4259, 472.511, 280.795, 853.854, 797.581, 635.841, 896.712, 320.941, 662.394, 704.294, 800.181, 302.585, 468.335, 826.422, 716.278, 292.523, 0, 248.116, 88.6131, 792.836, 705.948, 234.749, 335.752, 618.309, 864.601, 533.28, 446.349, 558.677, 760.428, 244.97, 875.593, 853.06, 544.977, 334.06, 669.973, 670.77, 632.423, 702.929, 743.052, 352.147, 399.739, 910.287, 197.312, 456.336, 641.593, 852.809, 498.083, 1015.48, 1047.52, 502.858, 273.445, 88.7973, 664.298, 916.072, 322.879, 556.538, 372.263, 822.879, 649.184, 539.534, 109.461, 358.957, 776.235, 893.182, 876.752, 948.08, 1006.95, 579.968, 450.8, 235.892, 383.479, 928.927, 621.469, 239.938|
644.909, 294.399, 113.832, 452.032, 653.057, 331.049, 199.086, 275.866, 172.04, 682.043, 496.512, 698.811, 562.491, 357.782, 605.534, 147.213, 526.269, 744.335, 610.665, 580.617, 791.984, 543.627, 383.879, 451.941, 500.051, 181.794, 209.992, 430.701, 160.601, 617.593, 557.988, 528.374, 678.551, 254.464, 564.672, 556.799, 673.292, 244.815, 473.004, 611.943, 490.899, 351.108, 248.116, 0, 159.802, 575.772, 554.405, 75.7481, 159.959, 405.69, 693.868, 487.438, 322.13, 466.713, 513.004, 121.303, 630.128, 670.391, 526.846, 277.409, 422.26, 587.004, 467.966, 604.457, 588.099, 148.834, 499.834, 755.682, 376.273, 435.809, 518.325, 605.105, 418.054, 769.523, 804.122, 487.706, 314.98, 255.242, 472.042, 674.641, 214.069, 483.53, 316.121, 576.435, 474.278, 295.554, 290.198, 494.002, 553.219, 651.981, 628.636, 702.674, 762.956, 386.826, 247.762, 356.253, 155.456, 694.232, 488.857, 357.382|
780.754, 446.478, 213.252, 333.637, 801.387, 229.008, 357.636, 220.832, 19.3662, 786.391, 656.245, 783.597, 648.892, 493.938, 749.69, 173.38, 616.531, 874.278, 723.233, 474.853, 904.946, 449.453, 282.16, 438.792, 561.561, 140.487, 51.5159, 436.721, 209.735, 767.141, 710.13, 582.783, 814.377, 279.651, 612.78, 640.198, 743.161, 262.625, 460.562, 744.842, 631.764, 285.573, 88.6131, 159.802, 0, 715.85, 640.702, 155.768, 256.555, 541.867, 795.053, 509.221, 383.988, 508.954, 671.816, 168.577, 788.75, 780.074, 519.536, 286.337, 581.99, 625.719, 562.757, 653.656, 677.179, 274.006, 416.143, 845.711, 243.589, 427.37, 583.834, 764.211, 461.243, 928.448, 961.605, 477.33, 257.537, 114.777, 594.51, 828.326, 268.033, 512.789, 327.215, 735.582, 584.691, 451.172, 149.612, 389.637, 697.235, 808.058, 788.371, 861.282, 920.775, 509.074, 375.206, 253.402, 296.775, 842.629, 560.647, 256.3|
